[client]
userid = 4
username = ''
ver = 2.0.190416
timestamp = 1555569109.3569975
